0
11
12
17-22
33
44
45
55-57
64-65
76-77
87
98
109
120
130
142
152
153
163
174
175
179-185
195
206*
228-229
238-239
249-250
260-261
271
272
282
283
293
303-304
315
325
336
337
347
348
358
369
375-380
390
401-402
413-416
428
438
439
449
460
471
482
492
493
504
515
525
526
536
547
557-558
569
579
580
589
590
602
607-612
622
633*
644*
654-655
665
666
676-677
687
688
698
709
720
730
742
752
753
763
774
785
795
806
807
829-832
843-844*
854
876
887
897
898
908+1
919
940+
951+*
962
973+
983+
994+
1005+
1016
1027+
1038+
1049
1059+
1070+
1081
1092+
1103+
1108
1109




